 PDBe Fold v2.59. (src3) 14 Apr 2014 result file.

                   RESULT SUMMARY

   ##      Q-score      P-score     Z-score   RMSD    Nalgn Nsse Ngaps Seq-%     Nmd Nres-Q Nsse-Q Nres-T Nsse-T Query Target
    1           1       16.18       11.93     0.000    58    4    0           1    0     58      4     58      4    PDB 5pti:A  PDB 5pti:A
    2       0.999       14.33        11.2     0.093    58    4    0      0.9828    0     58      4     58      4    PDB 5pti:A  PDB 9pti:A
    3      0.9956       12.59       10.48     0.199    58    4    0      0.9655    0     58      4     58      4    PDB 5pti:A  PDB 7pti:A
    4      0.9595       11.28       9.896     0.467    57    4    0           1    0     58      4     57      4    PDB 5pti:A  PDB 3ldi:A
    5       0.959       12.25       10.33     0.248    56    4    0      0.9821    0     58      4     56      4    PDB 5pti:A  PDB 1bpt:A
    6      0.9588       11.01       9.771     0.474    57    4    0           1    0     58      4     57      4    PDB 5pti:A  PDB 2hex:C
    7      0.9554       11.89       10.17     0.308    56    4    0           1    0     58      4     56      4    PDB 5pti:A  PDB 1ykt:B
    8      0.9549       11.71       10.09     0.317    56    4    0           1    0     58      4     56      4    PDB 5pti:A  PDB 1f7z:I
    9      0.9547        11.8       10.13     0.320    56    4    0           1    0     58      4     56      4    PDB 5pti:A  PDB 3tgi:I
   10      0.9533       11.63       10.05     0.340    56    4    0           1    0     58      4     56      4    PDB 5pti:A  PDB 3tgk:I
   11      0.9531       11.55       10.02     0.342    56    4    0           1    0     58      4     56      4    PDB 5pti:A  PDB 1fy8:I
   12      0.9516       9.804       9.197     0.362    56    4    0           1    0     58      4     56      4    PDB 5pti:A  PDB 3tgj:I
   13      0.9499       11.48       9.984     0.385    56    4    0           1    0     58      4     56      4    PDB 5pti:A  PDB 1bz5:C
   14      0.9492       11.48       9.984     0.393    56    4    0           1    0     58      4     56      4    PDB 5pti:A  PDB 1bz5:E
   15      0.9492       11.48       9.984     0.394    56    4    0           1    0     58      4     56      4    PDB 5pti:A  PDB 1bz5:A
   16      0.9489       11.48       9.984     0.397    56    4    0           1    0     58      4     56      4    PDB 5pti:A  PDB 1bz5:B
   17      0.9489       11.22       9.869     0.397    56    4    0           1    0     58      4     56      4    PDB 5pti:A  PDB 2hex:E
   18      0.9486        11.8       10.13     0.400    56    4    0           1    0     58      4     56      4    PDB 5pti:A  PDB 6pti:A
   19      0.9486       11.48       9.984     0.400    56    4    0           1    0     58      4     56      4    PDB 5pti:A  PDB 3ldj:C
   20      0.9486       11.34       9.924     0.401    56    4    0           1    0     58      4     56      4    PDB 5pti:A  PDB 1bhc:J
   21      0.9485        11.8       10.13     0.402    56    4    0           1    0     58      4     56      4    PDB 5pti:A  PDB 3u1j:E
   22      0.9484       11.34       9.924     0.403    56    4    0           1    0     58      4     56      4    PDB 5pti:A  PDB 1bhc:A
   23      0.9484       11.48       9.984     0.403    56    4    0           1    0     58      4     56      4    PDB 5pti:A  PDB 1bz5:D
   24      0.9483       11.11       9.818     0.572    57    4    0      0.9649    0     58      4     57      4    PDB 5pti:A  PDB 1aal:B
   25      0.9483       9.684       9.138     0.404    56    4    0           1    0     58      4     56      4    PDB 5pti:A  PDB 3ldm:E
   26      0.9481       11.48       9.984     0.407    56    4    0           1    0     58      4     56      4    PDB 5pti:A  PDB 3ldj:A
   27       0.948       11.28       9.896     0.407    56    4    0           1    0     58      4     56      4    PDB 5pti:A  PDB 1bhc:G
   28       0.948       11.28       9.896     0.408    56    4    0           1    0     58      4     56      4    PDB 5pti:A  PDB 1bhc:D
   29      0.9478       11.41       9.953     0.410    56    4    0           1    0     58      4     56      4    PDB 5pti:A  PDB 2hex:A
   30      0.9478       11.28       9.896     0.410    56    4    0           1    0     58      4     56      4    PDB 5pti:A  PDB 1bhc:H
   31      0.9477       11.28       9.896     0.411    56    4    0           1    0     58      4     56      4    PDB 5pti:A  PDB 1bhc:B
   32      0.9476       11.28       9.896     0.412    56    4    0           1    0     58      4     56      4    PDB 5pti:A  PDB 3ldi:C
   33      0.9476       10.26       9.419     0.413    56    4    0           1    0     58      4     56      4    PDB 5pti:A  PDB 3ldm:B
   34      0.9474       11.28       9.896     0.414    56    4    0           1    0     58      4     56      4    PDB 5pti:A  PDB 1bhc:F
   35      0.9474       11.28       9.896     0.414    56    4    0           1    0     58      4     56      4    PDB 5pti:A  PDB 1bhc:C
   36      0.9471       11.28       9.896     0.418    56    4    0           1    0     58      4     56      4    PDB 5pti:A  PDB 2hex:D
   37      0.9471       11.22       9.869     0.419    56    4    0           1    0     58      4     56      4    PDB 5pti:A  PDB 1bhc:E
   38      0.9467       11.22       9.869     0.423    56    4    0           1    0     58      4     56      4    PDB 5pti:A  PDB 1bhc:I
   39      0.9463       10.26       9.419     0.428    56    4    0           1    0     58      4     56      4    PDB 5pti:A  PDB 1b0c:B
   40      0.9461       11.06       9.794     0.430    56    4    0      0.8929    0     58      4     56      4    PDB 5pti:A  PDB 1yld:B
   41      0.9459       11.22       9.869     0.432    56    4    0           1    0     58      4     56      4    PDB 5pti:A  PDB 2hex:B
   42      0.9459       11.34       9.924     0.432    56    4    0           1    0     58      4     56      4    PDB 5pti:A  PDB 3ldm:A
   43      0.9457       10.26       9.419     0.434    56    4    0           1    0     58      4     56      4    PDB 5pti:A  PDB 1b0c:C
   44      0.9454       10.26       9.419     0.437    56    4    0           1    0     58      4     56      4    PDB 5pti:A  PDB 1b0c:A
   45      0.9453       10.26       9.419     0.439    56    4    0           1    0     58      4     56      4    PDB 5pti:A  PDB 1b0c:E
   46      0.9448       10.96       9.748     0.601    57    4    0           1    0     58      4     57      4    PDB 5pti:A  PDB 3ldi:E
   47      0.9447       10.23       9.402     0.446    56    4    0           1    0     58      4     56      4    PDB 5pti:A  PDB 1b0c:D
   48      0.9442       11.17       9.843     0.450    56    4    0        0.75    0     58      4     56      4    PDB 5pti:A  PDB 3aud:A
   49      0.9438       8.325       8.444     0.732    58    3    0      0.9138    0     58      4     58      3    PDB 5pti:A  PDB 2zjx:A
   50      0.9434       11.11       9.818     0.459    56    4    0      0.6429    0     58      4     56      4    PDB 5pti:A  PDB 5jb7:A
   51      0.9431       11.34       9.924     0.466    57    4    0      0.9123    0     58      4     58      4    PDB 5pti:A  PDB 5xx7:D
   52      0.9428       11.01       9.771     0.618    57    4    0      0.9825    0     58      4     57      4    PDB 5pti:A  PDB 6f1f:A
   53       0.942       11.48       9.984     0.624    57    4    0      0.9825    0     58      4     57      4    PDB 5pti:A  PDB 6f1f:D
   54      0.9419          12       10.22     0.478    57    4    0           1    0     58      4     58      4    PDB 5pti:A  PDB 1cbw:I
   55      0.9419       11.01       9.771     0.475    56    4    0           1    0     58      4     56      4    PDB 5pti:A  PDB 3ldm:C
   56      0.9413          12       10.22     0.485    57    4    0           1    0     58      4     58      4    PDB 5pti:A  PDB 4dg4:C
   57       0.941       11.48       9.984     0.632    57    4    0      0.9825    0     58      4     57      4    PDB 5pti:A  PDB 6f1f:B
   58      0.9409       11.34       9.924     0.489    57    4    0      0.9649    0     58      4     58      4    PDB 5pti:A  PDB 3p95:E
   59      0.9408       11.55       10.02     0.490    57    4    0      0.9825    0     58      4     58      4    PDB 5pti:A  PDB 1bti:A
   60      0.9408       11.89       10.17     0.490    57    4    0           1    0     58      4     58      4    PDB 5pti:A  PDB 1mtn:H
   61      0.9407       11.34       9.924     0.487    56    4    0      0.9821    0     58      4     56      4    PDB 5pti:A  PDB 1nag:A
   62      0.9407       11.55       10.02     0.490    57    4    0           1    0     58      4     58      4    PDB 5pti:A  PDB 3otj:I
   63      0.9404       8.817       8.701     0.491    56    4    0           1    0     58      4     56      4    PDB 5pti:A  PDB 2ijo:I
   64      0.9402       11.71       10.09     0.638    57    4    0           1    0     58      4     57      4    PDB 5pti:A  PDB 1f5r:I
   65      0.9401       12.12       10.27     0.496    57    4    0           1    0     58      4     58      4    PDB 5pti:A  PDB 2r9p:F
   66        0.94       11.89       10.17     0.497    57    4    0           1    0     58      4     58      4    PDB 5pti:A  PDB 2r9p:I
   67        0.94          12       10.22     0.497    57    4    0      0.9649    0     58      4     58      4    PDB 5pti:A  PDB 1p2o:D
   68        0.94       10.91       9.726     0.494    56    4    0        0.75    0     58      4     56      4    PDB 5pti:A  PDB 3wny:I
   69      0.9397       9.773       9.182     0.500    57    4    0           1    0     58      4     58      4    PDB 5pti:A  PDB 1mtn:D
   70      0.9395       8.582       8.579     0.499    56    4    0      0.9286    0     58      4     56      4    PDB 5pti:A  PDB 1ylc:B
   71      0.9395       11.34       9.924     0.644    57    4    0      0.9825    0     58      4     57      4    PDB 5pti:A  PDB 6f1f:E
   72      0.9393       11.89       10.17     0.504    57    4    0      0.9649    0     58      4     58      4    PDB 5pti:A  PDB 1p2m:D
   73       0.939       11.63       10.05     0.507    57    4    0           1    0     58      4     58      4    PDB 5pti:A  PDB 4dg4:H
   74       0.939       11.89       10.17     0.507    57    4    0      0.9649    0     58      4     58      4    PDB 5pti:A  PDB 1t7c:D
   75      0.9389       11.63       10.05     0.508    57    4    0           1    0     58      4     58      4    PDB 5pti:A  PDB 1bzx:I
   76      0.9389       11.89       10.17     0.508    57    4    0      0.9649    0     58      4     58      4    PDB 5pti:A  PDB 1t8o:D
   77      0.9387       11.01       9.771     0.507    56    4    0        0.75    0     58      4     56      4    PDB 5pti:A  PDB 3aud:B
   78      0.9386       11.89       10.17     0.511    57    4    0      0.9649    0     58      4     58      4    PDB 5pti:A  PDB 1p2n:D
   79      0.9385       11.89       10.17     0.512    57    4    0      0.9649    0     58      4     58      4    PDB 5pti:A  PDB 1t8n:D
   80      0.9383          12       10.22     0.514    57    4    0      0.9649    0     58      4     58      4    PDB 5pti:A  PDB 1p2o:B
   81      0.9382       11.89       10.17     0.514    57    4    0      0.9649    0     58      4     58      4    PDB 5pti:A  PDB 1t8m:D
   82      0.9382       11.89       10.17     0.515    57    4    0      0.9649    0     58      4     58      4    PDB 5pti:A  PDB 1t8m:B
   83      0.9382       11.89       10.17     0.515    57    4    0      0.9649    0     58      4     58      4    PDB 5pti:A  PDB 1p2m:B
   84       0.938       11.89       10.17     0.517    57    4    0      0.9649    0     58      4     58      4    PDB 5pti:A  PDB 1p2q:D
   85      0.9379       10.49       9.526     0.315    55    4    0           1    0     58      4     55      4    PDB 5pti:A  PDB 4wxv:I
   86      0.9377        8.18       8.366     0.516    56    4    0           1    0     58      4     56      4    PDB 5pti:A  PDB 1eaw:B
   87      0.9376       9.088        8.84     0.521    57    4    0      0.9649    0     58      4     58      4    PDB 5pti:A  PDB 1t8n:B
   88      0.9376       9.088        8.84     0.521    57    4    0      0.9649    0     58      4     58      4    PDB 5pti:A  PDB 1t8o:B
   89      0.9375       11.34       9.924     0.659    57    4    0      0.9123    0     58      4     57      4    PDB 5pti:A  PDB 2zvx:B
   90      0.9375       11.89       10.17     0.521    57    4    0      0.9649    0     58      4     58      4    PDB 5pti:A  PDB 1t7c:B
   91      0.9374       9.063       8.827     0.522    57    4    0           1    0     58      4     58      4    PDB 5pti:A  PDB 1cbw:D
   92      0.9371       9.113       8.853     0.525    57    4    0      0.9649    0     58      4     58      4    PDB 5pti:A  PDB 1p2q:B
   93      0.9371       8.793       8.689     0.522    56    4    0           1    0     58      4     56      4    PDB 5pti:A  PDB 3ldj:B
   94      0.9369       10.82       9.683     0.664    57    4    0      0.7193    0     58      4     57      4    PDB 5pti:A  PDB 3auh:G
   95      0.9367       9.113       8.853     0.529    57    4    0      0.9649    0     58      4     58      4    PDB 5pti:A  PDB 1p2n:B
   96      0.9366       11.28       9.896     0.666    57    4    0      0.9123    0     58      4     57      4    PDB 5pti:A  PDB 2zjx:B
   97      0.9364        11.8       10.13     0.531    57    4    0      0.9298    0     58      4     58      4    PDB 5pti:A  PDB 1g6x:A
   98      0.9361       11.55       10.02     0.535    57    4    0           1    0     58      4     58      4    PDB 5pti:A  PDB 4dg4:E
   99      0.9361       10.87       9.704     0.532    56    4    0      0.7321    0     58      4     56      4    PDB 5pti:A  PDB 3ci7:B
  100      0.9361       10.41       9.489     0.342    55    4    0           1    0     58      4     55      4    PDB 5pti:A  PDB 4wxv:C
  101      0.9357       10.82       9.683     0.673    57    4    0      0.7368    0     58      4     57      4    PDB 5pti:A  PDB 3wny:G
  102      0.9354       11.22       9.869     0.541    57    4    0           1    0     58      4     58      4    PDB 5pti:A  PDB 2r9p:E
  103      0.9352       9.804       9.197     0.540    56    4    0           1    0     58      4     56      4    PDB 5pti:A  PDB 2tpi:I
  104       0.935        9.43       9.012     0.542    56    4    0           1    0     58      4     56      4    PDB 5pti:A  PDB 3ldm:D
  105      0.9349       11.89       10.17     0.545    57    4    0           1    0     58      4     58      4    PDB 5pti:A  PDB 1d0d:B
  106      0.9347       8.218       8.387     0.547    57    3    0           1    0     58      4     58      3    PDB 5pti:A  PDB 2r9p:G
  107      0.9346       10.78       9.662     0.545    56    4    0      0.7321    0     58      4     56      4    PDB 5pti:A  PDB 3auh:A
  108      0.9341       6.912       7.658     0.550    56    4    0           1    0     58      4     56      4    PDB 5pti:A  PDB 2kai:I
  109      0.9341       11.34       9.924     0.553    57    4    0           1    0     58      4     58      4    PDB 5pti:A  PDB 4dg4:F
  110      0.9341       11.55       10.02     0.553    57    4    0           1    0     58      4     58      4    PDB 5pti:A  PDB 1tpa:I
  111       0.934       10.78       9.662     0.551    56    4    0        0.75    0     58      4     56      4    PDB 5pti:A  PDB 3wny:A
  112      0.9336          12       10.22     0.557    57    4    0      0.9298    0     58      4     58      4    PDB 5pti:A  PDB 1qlq:A
  113      0.9334       11.89       10.17     0.559    57    4    0      0.9474    0     58      4     58      4    PDB 5pti:A  PDB 1ejm:B
  114      0.9332       10.26       9.419     0.561    57    4    1      0.9825    0     58      4     58      4    PDB 5pti:A  PDB 4wwy:C
  115      0.9326       11.63       10.05     0.566    57    4    0      0.9474    0     58      4     58      4    PDB 5pti:A  PDB 1ejm:D
  116      0.9326       9.684       9.138     0.566    57    4    0      0.9825    0     58      4     58      4    PDB 5pti:A  PDB 4tpi:I
  117      0.9323       9.834       9.212     0.569    57    4    0           1    0     58      4     58      4    PDB 5pti:A  PDB 2ptc:I
  118      0.9321       11.48       9.984     0.571    57    4    0           1    0     58      4     58      4    PDB 5pti:A  PDB 4bnr:I
  119       0.932       10.87       9.704     0.700    57    4    0      0.7368    0     58      4     57      4    PDB 5pti:A  PDB 3aud:C
  120      0.9317       11.41       9.953     0.574    57    4    0      0.9123    0     58      4     58      4    PDB 5pti:A  PDB 5xx8:B
  121      0.9312       11.28       9.896     0.410    56    4    0      0.9821    0     58      4     57      4    PDB 5pti:A  PDB 6f1f:C
  122      0.9312          12       10.22     0.579    57    4    0           1    0     58      4     58      4    PDB 5pti:A  PDB 1bpi:A
  123      0.9312       11.17       9.843     0.579    57    4    0           1    0     58      4     58      4    PDB 5pti:A  PDB 3ldi:D
  124      0.9311       10.53       9.544     0.706    57    4    0      0.7193    0     58      4     57      4    PDB 5pti:A  PDB 3aui:B
  125      0.9311       11.06       9.794     0.579    57    4    0           1    0     58      4     58      4    PDB 5pti:A  PDB 4bnr:J
  126      0.9309       7.414       7.946     0.578    56    4    0           1    0     58      4     56      4    PDB 5pti:A  PDB 1eaw:D
  127      0.9307       11.89       10.17     0.583    57    4    0      0.9298    0     58      4     58      4    PDB 5pti:A  PDB 1k6u:A
  128      0.9307       9.773       9.182     0.583    57    4    0           1    0     58      4     58      4    PDB 5pti:A  PDB 3tpi:I
  129      0.9305       11.34       9.924     0.584    57    4    0      0.9123    0     58      4     58      4    PDB 5pti:A  PDB 5xx6:B
  130      0.9305       11.28       9.896     0.584    57    4    0      0.9123    0     58      4     58      4    PDB 5pti:A  PDB 5xx5:B
  131      0.9297       12.12       10.27     0.592    57    4    0      0.9825    0     58      4     58      4    PDB 5pti:A  PDB 1fan:A
  132      0.9292       9.896       9.242     0.595    57    4    0           1    0     58      4     58      4    PDB 5pti:A  PDB 2tgp:I
  133       0.929       11.22       9.869     0.597    57    4    0           1    0     58      4     58      4    PDB 5pti:A  PDB 3ldi:B
  134      0.9276       11.41       9.953     0.609    57    4    0      0.9474    0     58      4     58      4    PDB 5pti:A  PDB 1ejm:F
  135      0.9274       11.01       9.771     0.453    56    4    0      0.7321    0     58      4     57      4    PDB 5pti:A  PDB 3aue:F
  136      0.9264       10.19       9.386     0.461    55    4    0      0.8364    0     58      4     55      4    PDB 5pti:A  PDB 1fak:I
  137      0.9264       9.773       9.182     0.617    56    4    0      0.7321    0     58      4     56      4    PDB 5pti:A  PDB 3auh:E
  138      0.9262        11.8       10.13     0.621    57    4    0      0.9123    0     58      4     58      4    PDB 5pti:A  PDB 5xx2:B
  139      0.9259       10.53       9.544     0.620    56    4    0        0.75    0     58      4     56      4    PDB 5pti:A  PDB 3wny:H
  140      0.9259       11.06       9.794     0.623    57    4    0      0.6491    0     58      4     58      4    PDB 5pti:A  PDB 5jb6:C
  141      0.9259       11.11       9.818     0.623    57    4    0      0.6842    0     58      4     58      4    PDB 5pti:A  PDB 5jb4:C
  142      0.9259       10.53       9.544     0.621    56    4    0        0.75    0     58      4     56      4    PDB 5pti:A  PDB 3wny:E
  143      0.9258       11.71       10.09     0.624    57    4    0      0.9123    0     58      4     58      4    PDB 5pti:A  PDB 5xx2:A
  144      0.9256       11.11       9.818     0.625    57    4    0      0.6667    0     58      4     58      4    PDB 5pti:A  PDB 5jb5:C
  145      0.9255       10.91       9.726     0.474    56    4    0      0.6786    0     58      4     57      4    PDB 5pti:A  PDB 5jb5:A
  146      0.9248       11.06       9.794     0.632    57    4    0      0.6316    0     58      4     58      4    PDB 5pti:A  PDB 5jb7:C
  147      0.9248       9.743       9.167     0.632    57    4    0           1    0     58      4     58      4    PDB 5pti:A  PDB 1bth:P
  148      0.9235       11.55       10.02     0.642    57    4    0      0.9649    0     58      4     58      4    PDB 5pti:A  PDB 3p92:E
  149      0.9234       11.41       9.953     0.643    57    4    0           1    0     58      4     58      4    PDB 5pti:A  PDB 1bth:Q
  150      0.9231       11.71       10.09     0.645    57    4    0           1    0     58      4     58      4    PDB 5pti:A  PDB 3fp8:I
  151       0.923       10.65       9.602     0.763    57    4    0      0.7368    0     58      4     57      4    PDB 5pti:A  PDB 3wny:B
  152      0.9223       11.34       9.924     0.651    57    4    0           1    0     58      4     58      4    PDB 5pti:A  PDB 4pti:A
  153      0.9218       5.887       7.037     0.508    55    3    0           1    0     58      4     55      3    PDB 5pti:A  PDB 5yvu:I
  154      0.9218       11.89       10.17     0.520    57    4    0      0.9649    0     58      4     59      4    PDB 5pti:A  PDB 1t8l:D
  155      0.9212       10.87       9.704     0.517    56    4    0      0.6607    0     58      4     57      4    PDB 5pti:A  PDB 5jb6:B
  156      0.9212       11.71       10.09     0.660    57    4    0           1    0     58      4     58      4    PDB 5pti:A  PDB 3fp6:I
  157      0.9202       9.113       8.853     0.535    57    4    0      0.9649    0     58      4     59      4    PDB 5pti:A  PDB 1t8l:B
  158      0.9195       8.364       8.464     0.673    57    3    0      0.9123    0     58      4     58      3    PDB 5pti:A  PDB 2zvx:A
  159      0.9195       8.793       8.689     0.531    55    4    0      0.9455    0     58      4     55      4    PDB 5pti:A  PDB 5yw1:I
  160      0.9186       11.63       10.05     0.365    56    4    0      0.9643    0     58      4     58      4    PDB 5pti:A  PDB 1aal:A
  161      0.9184       8.793       8.689     0.679    56    4    0           1    0     58      4     56      5    PDB 5pti:A  PDB 2ra3:C
  162      0.9182       11.41       9.953     0.683    57    4    0           1    0     58      4     58      4    PDB 5pti:A  PDB 2ra3:I
  163      0.9178       10.82       9.683     0.550    56    4    0      0.7321    0     58      4     57      4    PDB 5pti:A  PDB 3aue:A
  164      0.9174       11.01       9.771     0.689    57    4    0      0.9123    0     58      4     58      4    PDB 5pti:A  PDB 5xx4:B
  165      0.9172       6.038       7.132     0.901    58    3    0      0.9828    0     58      4     58      3    PDB 5pti:A  PDB 1jv9:A
  166      0.9167       9.865       9.227     0.692    56    4    0        0.75    0     58      4     56      4    PDB 5pti:A  PDB 3auc:B
  167      0.9158       8.289       8.424     0.701    57    3    0      0.9123    0     58      4     58      3    PDB 5pti:A  PDB 5xx3:A
  168      0.9157       8.289       8.424     0.701    57    3    0      0.9123    0     58      4     58      3    PDB 5pti:A  PDB 5xx4:A
  169      0.9151       10.96       9.748     0.707    57    4    0      0.9123    0     58      4     58      4    PDB 5pti:A  PDB 5xx3:B
  170      0.9127       10.73       9.642     0.724    57    4    0      0.7193    0     58      4     58      4    PDB 5pti:A  PDB 3ci7:A
  171      0.9125       9.743       9.167     0.723    56    4    0      0.7321    0     58      4     56      4    PDB 5pti:A  PDB 3aug:C
  172       0.912       9.743       9.167     0.727    56    4    0      0.7321    0     58      4     56      4    PDB 5pti:A  PDB 3aue:G
  173      0.9115       9.714       9.153     0.730    56    4    0        0.75    0     58      4     56      4    PDB 5pti:A  PDB 3wny:F
  174      0.9111       10.91       9.726     0.457    56    4    0           1    0     58      4     58      4    PDB 5pti:A  PDB 4wwy:I
  175      0.9106       9.684       9.138     0.737    56    4    0      0.7321    0     58      4     56      4    PDB 5pti:A  PDB 3auh:C
  176      0.9099       10.96       9.748     0.470    56    4    0      0.6964    0     58      4     58      4    PDB 5pti:A  PDB 5jb4:A
  177      0.9096       9.928       9.258     0.464    55    4    0      0.9636    0     58      4     56      4    PDB 5pti:A  PDB 3btw:I
  178      0.9091       10.91       9.726     0.479    56    4    0      0.6607    0     58      4     58      4    PDB 5pti:A  PDB 5jb6:A
  179      0.9087       9.896       9.242     0.474    55    4    0      0.9636    0     58      4     56      4    PDB 5pti:A  PDB 3btf:I
  180      0.9087       9.928       9.258     0.474    55    4    0      0.9636    0     58      4     56      4    PDB 5pti:A  PDB 3bte:I
  181      0.9084       9.896       9.242     0.476    55    4    0           1    0     58      4     56      4    PDB 5pti:A  PDB 3btk:I
  182      0.9082       9.896       9.242     0.479    55    4    0      0.9636    0     58      4     56      4    PDB 5pti:A  PDB 3bth:I
  183       0.908       9.928       9.258     0.481    55    4    0      0.9636    0     58      4     56      4    PDB 5pti:A  PDB 3btt:I
  184      0.9073       9.896       9.242     0.488    55    4    0      0.9636    0     58      4     56      4    PDB 5pti:A  PDB 3btg:I
  185      0.9072       9.928       9.258     0.489    55    4    0      0.9636    0     58      4     56      4    PDB 5pti:A  PDB 3btd:I
  186      0.9071       9.896       9.242     0.491    55    4    0      0.9636    0     58      4     56      4    PDB 5pti:A  PDB 3btm:I
  187       0.907       9.896       9.242     0.492    55    4    0      0.9636    0     58      4     56      4    PDB 5pti:A  PDB 3btq:I
  188      0.9066       9.569       9.081     0.870    57    4    0      0.7368    0     58      4     57      4    PDB 5pti:A  PDB 3wny:C
  189      0.9055       10.23       9.402     0.772    56    4    0      0.4643    0     58      4     56      4    PDB 5pti:A  PDB 3d65:I
  190      0.9053       10.82       9.683     0.776    57    4    0      0.9123    0     58      4     58      4    PDB 5pti:A  PDB 5xx8:A
  191      0.9046       10.82       9.683     0.524    56    4    0      0.6786    0     58      4     58      4    PDB 5pti:A  PDB 5jb5:B
  192      0.9044       10.82       9.683     0.527    56    4    0      0.6429    0     58      4     58      4    PDB 5pti:A  PDB 5jb7:B
  193      0.9039       10.82       9.683     0.785    57    4    0      0.9123    0     58      4     58      4    PDB 5pti:A  PDB 5xx6:A
  194      0.9031       10.73       9.642     0.791    57    4    0      0.9123    0     58      4     58      4    PDB 5pti:A  PDB 5xx5:A
  195       0.903       10.78       9.662     0.791    57    4    0      0.9123    0     58      4     58      4    PDB 5pti:A  PDB 5xx7:A
  196      0.9027       9.804       9.197     0.535    55    4    0      0.9636    0     58      4     56      4    PDB 5pti:A  PDB 1p2j:I
  197      0.9022       10.78       9.662     0.548    56    4    0      0.6964    0     58      4     58      4    PDB 5pti:A  PDB 5jb4:B
  198      0.9017       10.37       9.471     0.798    56    4    0      0.4643    0     58      4     56      4    PDB 5pti:A  PDB 3uir:C
  199       0.901       10.53       9.544     0.805    57    4    0      0.7193    0     58      4     58      4    PDB 5pti:A  PDB 3aub:A
  200      0.9006       10.26       9.419     0.807    57    4    0      0.7193    0     58      4     58      4    PDB 5pti:A  PDB 3aub:B
  201      0.9004       10.78       9.662     0.807    56    4    0      0.3571    0     58      4     56      4    PDB 5pti:A  PDB 1y62:E
  202         0.9       10.69       9.622     0.567    56    4    0        0.75    0     58      4     58      4    PDB 5pti:A  PDB 3auc:A
  203      0.8995       9.569       9.081     0.913    57    4    0      0.4561    0     58      4     57      4    PDB 5pti:A  PDB 3uir:D
  204      0.8991       10.69       9.622     0.576    56    4    0      0.7321    0     58      4     58      4    PDB 5pti:A  PDB 3aui:A
  205      0.8984       10.45       9.507     0.820    56    4    0      0.4643    0     58      4     56      4    PDB 5pti:A  PDB 5zj3:A
  206      0.8974       10.45       9.507     0.828    57    4    0      0.7193    0     58      4     58      4    PDB 5pti:A  PDB 3ci7:C
  207       0.892       10.41       9.489     0.861    56    4    0      0.3571    0     58      4     56      4    PDB 5pti:A  PDB 1y62:D
  208      0.8912       10.73       9.642     0.866    56    4    0      0.3571    0     58      4     56      4    PDB 5pti:A  PDB 1y62:F
  209      0.8908       10.26       9.419     0.869    56    4    0      0.3571    0     58      4     56      4    PDB 5pti:A  PDB 1y62:C
  210      0.8907       9.834       9.212     0.496    55    4    0      0.9818    0     58      4     57      4    PDB 5pti:A  PDB 4y10:I
  211      0.8907       10.02       9.304     0.872    57    4    0      0.4211    0     58      4     58      4    PDB 5pti:A  PDB 1tfx:D
  212      0.8904       9.804       9.197     0.498    55    4    0           1    0     58      4     57      4    PDB 5pti:A  PDB 2ftl:I
  213      0.8903       9.834       9.212     0.500    55    4    0      0.9818    0     58      4     57      4    PDB 5pti:A  PDB 4y0z:I
  214      0.8895       9.834       9.212     0.508    55    4    0      0.9818    0     58      4     57      4    PDB 5pti:A  PDB 4y11:I
  215      0.8886       9.295       8.945     0.777    55    4    0      0.3818    0     58      4     55      4    PDB 5pti:A  PDB 6bx8:B
  216      0.8872       9.375       8.985     0.667    54    4    0       0.463    0     58      4     54      4    PDB 5pti:A  PDB 5nx1:C
  217      0.8862       10.53       9.544     0.897    56    4    0      0.3571    0     58      4     56      4    PDB 5pti:A  PDB 1y62:A
  218      0.8857       10.73       9.642     0.559    56    4    0      0.7321    0     58      4     59      4    PDB 5pti:A  PDB 3aug:A
  219       0.885       10.45       9.507     0.905    56    4    0      0.3571    0     58      4     56      4    PDB 5pti:A  PDB 1y62:B
  220      0.8833       8.404       8.485     0.915    56    3    0      0.4464    0     58      4     56      3    PDB 5pti:A  PDB 6gfi:E
  221      0.8817       9.269       8.931     0.712    55    4    0      0.4545    0     58      4     56      4    PDB 5pti:A  PDB 6gfi:C
  222      0.8807       8.914       8.751     0.407    53    4    0           1    0     58      4     54      4    PDB 5pti:A  PDB 3gym:J
  223      0.8805        8.89       8.739     0.409    53    4    0           1    0     58      4     54      4    PDB 5pti:A  PDB 3gym:I
  224      0.8789       9.714       9.153     0.942    56    4    0      0.4643    0     58      4     56      4    PDB 5pti:A  PDB 5zj3:C
  225      0.8785       8.378       8.472     0.944    56    4    0      0.4464    0     58      4     56      4    PDB 5pti:A  PDB 1aap:A
  226      0.8777       9.088        8.84     0.739    54    4    0       0.463    0     58      4     54      4    PDB 5pti:A  PDB 1taw:B
  227      0.8773       7.484       7.985     0.612    53    3    0      0.4528    0     58      4     53      3    PDB 5pti:A  PDB 5nx3:C
  228       0.876       9.322       8.958     0.961    57    4    0      0.4211    0     58      4     58      4    PDB 5pti:A  PDB 1tfx:C
  229      0.8758       9.834       9.212     0.491    55    4    0           1    0     58      4     58      4    PDB 5pti:A  PDB 4y0y:I
  230      0.8756       9.896       9.242     0.493    55    4    0      0.9636    0     58      4     58      4    PDB 5pti:A  PDB 1p2k:I
  231      0.8752       9.804       9.197     0.497    55    4    0      0.9636    0     58      4     58      4    PDB 5pti:A  PDB 2fi3:I
  232      0.8751       8.841       8.714     0.867    55    4    0      0.3818    0     58      4     55      4    PDB 5pti:A  PDB 6bx8:H
  233      0.8747       9.804       9.197     0.503    55    4    0      0.9818    0     58      4     58      4    PDB 5pti:A  PDB 2fi5:I
  234      0.8743       5.725       6.935     1.138    58    3    0      0.9828    0     58      4     58      3    PDB 5pti:A  PDB 1jv8:A
  235      0.8741       8.152       8.351     0.970    56    3    0      0.4464    0     58      4     56      4    PDB 5pti:A  PDB 1brc:I
  236       0.874       9.088        8.84     0.766    54    4    0       0.463    0     58      4     54      4    PDB 5pti:A  PDB 5c67:E
  237      0.8737       7.006       7.713     0.974    57    4    0           1    0     58      4     58      4    PDB 5pti:A  PDB 1pit:A
  238      0.8729       7.778       8.148     0.258    51    3    0      0.9412    0     58      4     51      3    PDB 5pti:A  PDB 1brb:I
  239      0.8724       9.773       9.182     0.526    55    4    0      0.9818    0     58      4     58      4    PDB 5pti:A  PDB 2fi4:I
  240      0.8717       8.988       8.789     0.783    54    4    0       0.463    0     58      4     54      4    PDB 5pti:A  PDB 1ca0:D
  241      0.8709       9.834       9.212     0.541    55    4    0      0.9636    0     58      4     58      4    PDB 5pti:A  PDB 1p2i:I
  242      0.8704       9.569       9.081     0.993    57    4    0      0.4561    0     58      4     58      4    PDB 5pti:A  PDB 3byb:B
  243      0.8703       10.87       9.704     0.564    56    4    0      0.7321    0     58      4     60      4    PDB 5pti:A  PDB 3aue:B
  244      0.8699       9.684       9.138     0.551    55    4    0      0.9818    0     58      4     58      4    PDB 5pti:A  PDB 2ftm:B
  245      0.8678       7.737       8.125     1.092    57    4    0      0.4561    0     58      4     57      4    PDB 5pti:A  PDB 5m4v:A
  246      0.8667       7.554       8.024     0.819    55    4    0      0.4545    0     58      4     56      4    PDB 5pti:A  PDB 1aap:B
  247      0.8649       7.028       7.725     0.830    54    3    0      0.3889    0     58      4     54      4    PDB 5pti:A  PDB 6bx8:F
  248      0.8618       9.485        9.04     0.746    55    4    0      0.7455    0     58      4     57      4    PDB 5pti:A  PDB 3ci7:D
  249      0.8603       10.23       9.402     0.867    56    4    0      0.4643    0     58      4     58      4    PDB 5pti:A  PDB 3byb:A
  250      0.8602       7.102       7.768     0.861    54    4    0      0.4444    0     58      4     54      4    PDB 5pti:A  PDB 6har:E
  251        0.86       7.102       7.768     1.211    58    4    0      0.9483    0     58      4     58      4    PDB 5pti:A  PDB 1ld5:A
  252      0.8599       7.145       7.793     0.751    53    3    0      0.4528    0     58      4     53      3    PDB 5pti:A  PDB 5c67:C
  253      0.8585       9.597       9.096     1.218    58    4    0      0.3103    0     58      4     58      4    PDB 5pti:A  PDB 1kth:A
  254      0.8565       10.78       9.662     0.892    56    4    0      0.4643    0     58      4     58      4    PDB 5pti:A  PDB 5zj3:B
  255      0.8554       9.655       9.124     1.234    58    4    0      0.3103    0     58      4     58      4    PDB 5pti:A  PDB 2knt:A
  256      0.8527       8.312       8.436     0.811    55    4    0      0.4727    0     58      4     57      4    PDB 5pti:A  PDB 3l3t:E
  257      0.8526        7.53       8.011     0.684    53    3    1      0.4151    0     58      4     54      3    PDB 5pti:A  PDB 4u32:X
  258      0.8514       10.57       9.563     0.924    56    4    0      0.4643    0     58      4     58      4    PDB 5pti:A  PDB 3byb:C
  259      0.8513        6.13       7.189     0.933    57    3    0      0.4211    0     58      4     60      3    PDB 5pti:A  PDB 4dtg:K
  260       0.849       8.028       8.284     0.837    55    3    0      0.4727    0     58      4     57      3    PDB 5pti:A  PDB 3l3t:F
  261      0.8469       8.051       8.297     0.843    53    4    0      0.3962    0     58      4     53      4    PDB 5pti:A  PDB 6bx8:D
  262      0.8457       6.038       7.132     0.768    56    3    1      0.3393    0     58      4     60      4    PDB 5pti:A  PDB 4iso:B
  263       0.845       7.941       8.237     0.864    55    3    0      0.4545    0     58      4     57      3    PDB 5pti:A  PDB 1zjd:B
  264      0.8443       7.288       7.874     0.746    52    3    0      0.4615    0     58      4     52      3    PDB 5pti:A  PDB 3l33:F
  265       0.843       7.309       7.886     0.756    52    3    0      0.4615    0     58      4     52      3    PDB 5pti:A  PDB 3l33:E
  266      0.8412       7.462       7.972     0.801    56    3    1      0.3393    0     58      4     60      4    PDB 5pti:A  PDB 4isl:B
  267      0.8389        6.67       7.516     0.994    54    4    0       0.463    0     58      4     54      4    PDB 5pti:A  PDB 1ca0:I
  268      0.8377       7.417       7.947     1.001    54    3    0      0.3519    0     58      4     54      3    PDB 5pti:A  PDB 3t62:E
  269      0.8372       5.725       6.935     1.004    54    3    0      0.3519    0     58      4     54      3    PDB 5pti:A  PDB 3t62:D
  270      0.8319       8.202       8.378     0.948    55    4    0      0.4727    0     58      4     57      4    PDB 5pti:A  PDB 3l3t:G
  271      0.8312       9.773       9.182     1.126    55    4    0      0.3273    0     58      4     55      4    PDB 5pti:A  PDB 1knt:A
  272      0.8292       7.028       7.725     0.855    52    3    0      0.4615    0     58      4     52      3    PDB 5pti:A  PDB 3l33:G
  273       0.829       6.897        7.65     0.857    52    3    0      0.4615    0     58      4     52      3    PDB 5pti:A  PDB 3l33:H
  274      0.8275       10.57       9.563     0.579    56    4    0      0.7321    0     58      4     63      4    PDB 5pti:A  PDB 3aue:E
  275      0.8272       10.49       9.526     0.581    56    4    0      0.7321    0     58      4     63      4    PDB 5pti:A  PDB 3aue:H
  276      0.8241       9.541       9.067     1.004    56    4    0      0.3571    0     58      4     59      4    PDB 5pti:A  PDB 1dtx:A
  277      0.8215       8.536       8.555     1.097    55    4    0      0.3455    0     58      4     56      4    PDB 5pti:A  PDB 3ofw:A
  278      0.8185       7.804       8.162     0.836    54    3    0      0.4815    0     58      4     57      3    PDB 5pti:A  PDB 3l3t:H
  279      0.8162       8.865       8.726     0.968    56    4    0      0.2857    0     58      4     60      4    PDB 5pti:A  PDB 5yv7:A
  280       0.816       10.73       9.642     0.564    56    4    0      0.7321    0     58      4     64      4    PDB 5pti:A  PDB 3aue:C
  281      0.8127       7.395       7.935     1.145    54    3    0      0.3519    0     58      4     54      3    PDB 5pti:A  PDB 3t62:F
  282      0.8055       6.971       7.693     0.862    56    3    1      0.3393    0     58      4     62      4    PDB 5pti:A  PDB 4isn:B
  283      0.8046       8.246       8.401     1.279    58    4    0      0.3276    0     58      4     61      4    PDB 5pti:A  PDB 3m7q:B
  284      0.8039       9.865       9.227     0.518    55    4    0      0.7455    0     58      4     63      5    PDB 5pti:A  PDB 3aue:D
  285      0.8032       7.179       7.812     1.419    57    4    0      0.4211    0     58      4     57      4    PDB 5pti:A  PDB 1dtk:A
  286      0.7973       10.69       9.622     0.853    57    4    0       0.386    0     58      4     65      4    PDB 5pti:A  PDB 4bqd:B
  287      0.7956        8.03       8.285     1.250    57    4    0      0.3509    0     58      4     60      4    PDB 5pti:A  PDB 2ca7:A
  288       0.793       6.207       7.237     1.257    56    3    0           1    0     58      4     58      3    PDB 5pti:A  PDB 1oa5:5
  289      0.7924        5.51       6.795     1.089    53    3    1      0.3208    0     58      4     54      3    PDB 5pti:A  PDB 3uou:B
  290      0.7903        6.27       7.275     1.271    56    3    0           1    0     58      4     58      3    PDB 5pti:A  PDB 1oa6:5
  291      0.7781       7.309       7.886     0.993    52    3    1      0.4038    0     58      4     54      3    PDB 5pti:A  PDB 4u30:X
  292      0.7781       7.309       7.886     0.993    52    3    1      0.4038    0     58      4     54      3    PDB 5pti:A  PDB 4u30:Y
  293      0.7779       8.136       8.436     1.405    56    4    1      0.3929    0     58      4     57      5    PDB 5pti:A  PDB 2m99:A
  294      0.7769       7.288       7.874     1.001    52    3    1      0.4038    0     58      4     54      3    PDB 5pti:A  PDB 4u30:Z
  295      0.7769       7.288       7.874     1.001    52    3    1      0.4038    0     58      4     54      3    PDB 5pti:A  PDB 4u30:W
  296        0.77       7.246        7.85     1.180    57    3    0       0.386    0     58      4     63      4    PDB 5pti:A  PDB 1zr0:D
  297      0.7624       6.561       7.451     1.338    54    4    1      0.3333    0     58      4     55      4    PDB 5pti:A  PDB 1shp:A
  298      0.7624       7.309       7.886     0.879    55    3    1         0.4    0     58      4     63      4    PDB 5pti:A  PDB 1zr0:B
  299       0.762       8.378       8.472     1.273    55    4    2      0.9455    0     58      4     58      4    PDB 5pti:A  PDB 8pti:A
  300      0.7471       8.446       8.507     0.987    55    4    0         0.4    0     58      4     63      4    PDB 5pti:A  PDB 5nmv:K
  301      0.7197       6.707       7.538     1.498    55    4    1      0.2909    0     58      4     58      4    PDB 5pti:A  PDB 1kun:A
  302      0.7101       6.257       7.267     1.420    55    4    1      0.3455    0     58      4     60      4    PDB 5pti:A  PDB 1dem:A
  303      0.7054       3.106       5.024     1.063    53    3    0      0.4151    0     58      4     61      3    PDB 5pti:A  PDB 1irh:A
  304      0.6997       3.899       5.658     0.303    41    3    1           1    0     58      4     41      3    PDB 5pti:A  PDB 1co7:I
  305      0.6938       7.858       8.192     1.581    56    3    1      0.3214    0     58      4     61      3    PDB 5pti:A  PDB 1bun:B
  306      0.6935       5.268       6.639     1.510    55    4    1      0.2545    0     58      4     60      4    PDB 5pti:A  PDB 1bf0:A
  307      0.6934       9.375       8.985     1.511    55    4    2      0.3455    0     58      4     60      4    PDB 5pti:A  PDB 4ntx:B
  308      0.6932       8.491       8.531     1.512    55    4    2      0.3455    0     58      4     60      4    PDB 5pti:A  PDB 4nty:B
  309      0.6925       9.322       8.958     1.516    55    4    2      0.3455    0     58      4     60      4    PDB 5pti:A  PDB 4ntw:B
  310      0.6904       7.105        7.77     0.752    53    3    0      0.3585    0     58      4     66      4    PDB 5pti:A  PDB 1yc0:I
  311       0.678       6.239       7.256     0.783    42    3    0      0.4524    0     58      4     42      3    PDB 5pti:A  PDB 5nx1:D
  312      0.6744       5.627       6.872     1.860    57    4    0      0.3333    0     58      4     60      4    PDB 5pti:A  PDB 1den:A
  313      0.6732       7.966       8.251     0.980    55    4    0         0.4    0     58      4     70      4    PDB 5pti:A  PDB 2ddi:A
  314      0.6711       4.136       5.838     1.612    53    3    1           1    0     58      4     56      3    PDB 5pti:A  PDB 1uua:A
  315      0.6699       8.867       8.727     0.709    42    3    0           1    0     58      4     43      3    PDB 5pti:A  PDB 3fp7:J
  316      0.6656       7.999       8.268     0.890    42    3    0      0.4524    0     58      4     42      3    PDB 5pti:A  PDB 5nx3:D
  317      0.6587       6.169       7.213     1.185    56    4    0      0.4286    0     58      4     71      4    PDB 5pti:A  PDB 1adz:A
  318      0.6538       6.874       7.636     1.121    55    4    0         0.4    0     58      4     70      4    PDB 5pti:A  PDB 2ddj:A
  319      0.6289       4.968       6.439     1.704    56    4    1      0.4464    0     58      4     65      4    PDB 5pti:A  PDB 1jc6:A
  320       0.628       4.762       6.291     1.792    54    3    1      0.4259    0     58      4     59      3    PDB 5pti:A  PDB 2m01:A
  321      0.6183       5.108       6.529     1.694    51    3    3      0.4118    0     58      4     55      3    PDB 5pti:A  PDB 2jot:A
  322      0.5581        4.96       6.428     1.985    55    3    2      0.3091    0     58      4     65      3    PDB 5pti:A  PDB 2j6d:A
  323      0.5328       3.399        5.29     2.100    53    4    3      0.3208    0     58      4     61      4    PDB 5pti:A  PDB 2kcr:A
  324       0.474       3.659        5.47     2.221    53    3    3      0.1887    0     58      4     66      4    PDB 5pti:A  PDB 2w8x:B
  325      0.4625       2.184       4.197     2.445    50    3    4         0.8    0     58      4     56      3    PDB 5pti:A  PDB 1uub:A
  326      0.4418       4.646        6.21     1.707    42    3    3      0.2857    0     58      4     52      3    PDB 5pti:A  PDB 2uuy:B
  327      0.4041       3.292       5.205     2.131    46    4    5      0.2391    0     58      4     60      5    PDB 5pti:A  PDB 1tcp:A
  328      0.3935       2.803       4.765     2.209    44    3    4        0.25    0     58      4     55      3    PDB 5pti:A  PDB 2uux:A
  329      0.3868       3.767       5.713     2.531    48    4    3        0.25    0     58      4     60      5    PDB 5pti:A  PDB 1d0d:A
  330      0.3655       3.413       5.273     2.184    43    3    4      0.2326    0     58      4     57      3    PDB 5pti:A  PDB 2lfk:A
  331      0.3517       4.762       6.291     2.427    45    3    4      0.2889    0     58      4     60      3    PDB 5pti:A  PDB 1tap:A
  332      0.3288       1.075       2.996     2.055    41    3    4      0.3171    0     58      4     60      3    PDB 5pti:A  PDB 1kig:I
  333      0.2917      0.8383        2.69     2.706    47    3    6     0.08511    0     58      4     72      4    PDB 5pti:A  PDB 2w8x:A
  334       0.228       2.752        4.72     2.001    33    3    4      0.1515    0     58      4     57      3    PDB 5pti:A  PDB 2lfl:A
  335      0.2034      0.3638       2.223     2.379    31    3    4     0.03226    0     58      4     50      4    PDB 5pti:A  PDB 6qul:H
  336       0.175       1.138       3.071     2.555    34    3    3     0.08824    0     58      4     66      3    PDB 5pti:A  PDB 1ame:A
  337       0.175       1.121       3.052     2.556    34    3    3     0.08824    0     58      4     66      3    PDB 5pti:A  PDB 1ekl:A
  338      0.1745       1.114       3.043     2.564    34    3    3     0.05882    0     58      4     66      3    PDB 5pti:A  PDB 6msi:A
  339      0.1743       1.114       3.043     2.568    34    3    3     0.08824    0     58      4     66      3    PDB 5pti:A  PDB 8ame:A
  340      0.1743       1.137       3.071     2.568    34    3    3     0.08824    0     58      4     66      3    PDB 5pti:A  PDB 2jia:A
  341      0.1737       1.099       3.024     2.579    34    3    3     0.05882    0     58      4     66      3    PDB 5pti:A  PDB 3msi:A
  342      0.1731       1.092       3.015     2.589    34    3    3     0.08824    0     58      4     66      3    PDB 5pti:A  PDB 2ame:A
  343       0.171       1.193       3.138     2.625    34    3    2     0.05882    0     58      4     66      3    PDB 5pti:A  PDB 4ur4:A
  344      0.1705       1.209       3.157     2.635    34    3    2     0.08824    0     58      4     66      3    PDB 5pti:A  PDB 1b7k:A
  345      0.1692       1.075       2.996     2.658    34    3    3     0.08824    0     58      4     66      3    PDB 5pti:A  PDB 7ame:A
  346      0.1688       1.853       3.866     2.665    34    3    2     0.08824    0     58      4     66      3    PDB 5pti:A  PDB 2msj:A
  347      0.1683        1.16         3.1     2.674    34    3    2     0.05882    0     58      4     66      3    PDB 5pti:A  PDB 5msi:A
  348      0.1679       1.154        3.09     2.680    34    3    2     0.08824    0     58      4     66      3    PDB 5pti:A  PDB 1b7i:A
  349      0.1674       1.137       3.071     2.690    34    3    2     0.05882    0     58      4     66      3    PDB 5pti:A  PDB 7msi:A
  350      0.1673       1.854       3.866     2.691    34    3    2     0.08824    0     58      4     66      3    PDB 5pti:A  PDB 3ame:A
  351       0.167       1.836       3.848     2.697    34    3    2     0.08824    0     58      4     66      3    PDB 5pti:A  PDB 1jab:A
  352      0.1669       1.123       3.052     2.700    34    3    2     0.05882    0     58      4     66      3    PDB 5pti:A  PDB 2msi:A
  353      0.1668       1.168       3.109     2.700    34    3    2     0.08824    0     58      4     66      3    PDB 5pti:A  PDB 1msi:A
  354      0.1668       1.106       3.034     2.701    34    3    2     0.08824    0     58      4     66      3    PDB 5pti:A  PDB 8msi:A
  355      0.1664       1.113       3.043     2.708    34    3    2     0.08824    0     58      4     66      3    PDB 5pti:A  PDB 9msi:A
  356      0.1662       1.146       3.081     2.712    34    3    2     0.05882    0     58      4     66      3    PDB 5pti:A  PDB 4msi:A
  357      0.1657       1.146       3.081     2.721    34    3    2     0.08824    0     58      4     66      3    PDB 5pti:A  PDB 6ame:A
  358      0.1656       1.146       3.081     2.722    34    3    2     0.08824    0     58      4     66      3    PDB 5pti:A  PDB 4ame:A
  359      0.1654       1.146       3.081     2.727    34    3    2     0.08824    0     58      4     66      3    PDB 5pti:A  PDB 9ame:A
  360      0.1626       1.144       3.081     2.690    33    3    2     0.06061    0     58      4     64      3    PDB 5pti:A  PDB 1ucs:A
  361      0.1604       1.137       3.071     2.690    32    3    2     0.03125    0     58      4     61      3    PDB 5pti:A  PDB 5xqr:B
  362      0.1597       1.193       3.138     2.654    32    3    2     0.03125    0     58      4     62      3    PDB 5pti:A  PDB 4ur6:B
  363      0.1592    0.009657      0.7098     3.540    27    3    4     0.07407    0     58      4     33      3    PDB 5pti:A  PDB 2mrf:A
  364      0.1586       1.146       3.081     2.675    32    3    2     0.03125    0     58      4     62      3    PDB 5pti:A  PDB 5xqn:B
  365      0.1577       1.818       3.829     2.736    33    3    2     0.06061    0     58      4     65      3    PDB 5pti:A  PDB 1gzi:A
  366      0.1567        1.32       3.289     2.665    33    3    2     0.06061    0     58      4     67      3    PDB 5pti:A  PDB 2lx3:A
  367      0.1549        1.17       3.109     2.651    32    3    2     0.03125    0     58      4     64      4    PDB 5pti:A  PDB 4ur6:A
  368      0.1542       1.107       3.034     2.665    32    3    2     0.03125    0     58      4     64      4    PDB 5pti:A  PDB 5xqr:A
  369      0.1542       1.121       3.052     2.665    32    3    2     0.03125    0     58      4     64      3    PDB 5pti:A  PDB 5xqn:A
  370      0.1504     0.05464       1.086     3.802    36    3    5     0.05556    0     58      4     57      3    PDB 5pti:A  PDB 4qf3:B
  371      0.1502     0.05314       1.076     3.807    36    3    5     0.05556    0     58      4     57      3    PDB 5pti:A  PDB 6fhq:B
  372        0.15     0.01129      0.7367     4.694    30    3    2         0.1    0     58      4     30      3    PDB 5pti:A  PDB 4xkl:B
  373      0.1499       1.114       3.043     2.703    32    3    2     0.03125    0     58      4     65      4    PDB 5pti:A  PDB 5xqp:D
  374       0.149    0.006335      0.6484     4.826    31    3    2     0.09677    0     58      4     31      3    PDB 5pti:A  PDB 4xkl:D
  375      0.1484     0.03312      0.9503     3.433    26    3    6      0.1154    0     58      4     34      3    PDB 5pti:A  PDB 2i5o:A
  376      0.1481       1.138       3.071     2.694    32    3    2      0.0625    0     58      4     66      3    PDB 5pti:A  PDB 1b7j:A
  377      0.1477     0.01012      0.7188     4.599    39    3    5     0.05128    0     58      4     53      3    PDB 5pti:A  PDB 4q6f:D
  378      0.1473       1.106       3.034     2.710    32    3    2      0.0625    0     58      4     66      3    PDB 5pti:A  PDB 2spg:A
  379      0.1472     0.01079      0.7277     4.502    38    3    5     0.05263    0     58      4     52      3    PDB 5pti:A  PDB 6fi0:C
  380      0.1471       1.083       3.005     2.715    32    3    2     0.03125    0     58      4     66      4    PDB 5pti:A  PDB 5xr0:A
  381      0.1468     0.01177      0.7457     4.614    33    3    3     0.06061    0     58      4     38      3    PDB 5pti:A  PDB 2lo2:A
  382      0.1467       1.083       3.005     2.722    32    3    2     0.03125    0     58      4     66      4    PDB 5pti:A  PDB 5xqv:A
  383      0.1452     0.05684       1.095     3.967    36    3    4     0.05556    0     58      4     56      3    PDB 5pti:A  PDB 6fi1:B
  384      0.1442     0.01177      0.7457     4.741    39    3    4           0    0     58      4     52      3    PDB 5pti:A  PDB 6fap:C
  385      0.1441    0.005879      0.6398     4.573    38    3    4     0.02632    0     58      4     52      3    PDB 5pti:A  PDB 4qf2:C
  386      0.1436    0.006655      0.6571     5.129    42    3    4     0.04762    0     58      4     54      3    PDB 5pti:A  PDB 4q6f:B
  387      0.1429     0.02051      0.8465     4.303    38    3    4     0.05263    0     58      4     57      3    PDB 5pti:A  PDB 6fi1:A
  388      0.1408     0.00862      0.6921     4.696    39    3    5     0.05128    0     58      4     54      3    PDB 5pti:A  PDB 5t8r:A
  389      0.1406    0.006641      0.6571     4.653    38    3    4     0.02632    0     58      4     52      3    PDB 5pti:A  PDB 6fkp:C
  390      0.1386     0.03816      0.9887     3.685    25    3    4        0.08    0     58      4     31      3    PDB 5pti:A  PDB 3wup:A
  391      0.1373     0.01177      0.7457     4.620    37    3    4     0.02703    0     58      4     51      3    PDB 5pti:A  PDB 5t8r:B
  392      0.1368    0.000896      0.4912     4.983    43    3    4     0.04651    0     58      4     62      4    PDB 5pti:A  PDB 2fui:A
  393      0.1362     0.04433       1.027     4.250    28    3    2      0.1071    0     58      4     33      3    PDB 5pti:A  PDB 2mxp:A
  394      0.1357   0.0009785       0.445     5.253    40    3    4        0.05    0     58      4     50      3    PDB 5pti:A  PDB 2vnf:A
  395      0.1356     0.06233       1.125     3.958    25    3    2        0.16    0     58      4     29      3    PDB 5pti:A  PDB 5ion:A
  396      0.1342    0.004305      0.5972     4.743    38    3    4     0.02632    0     58      4     53      3    PDB 5pti:A  PDB 6fap:A
  397      0.1342      0.6553       2.428     3.220    33    3    4      0.1212    0     58      4     65      3    PDB 5pti:A  PDB 4ny6:A
  398      0.1338      0.1132       1.333     4.308    28    3    2     0.03571    0     58      4     33      3    PDB 5pti:A  PDB 2mre:B
  399      0.1337   4.284e-06      0.6921     4.747    39    3    4     0.02564    0     58      4     56      4    PDB 5pti:A  PDB 4q6f:A
  400       0.133   0.0008825      0.4374     5.254    40    3    4        0.05    0     58      4     51      3    PDB 5pti:A  PDB 2pnx:C
  401      0.1329      0.0703       1.263     3.324    29    3    3      0.1034    0     58      4     49      4    PDB 5pti:A  PDB 5zwn:X
  402      0.1321      0.7065       2.506     3.084    32    3    3     0.09375    0     58      4     65      4    PDB 5pti:A  PDB 5xqp:A
  403      0.1314      0.1133       1.755     3.756    30    3    3         0.1    0     58      4     46      4    PDB 5pti:A  PDB 3wkn:F
  404      0.1307      0.6295       2.389     3.069    32    3    4       0.125    0     58      4     66      3    PDB 5pti:A  PDB 1hg7:A
  405      0.1299      0.1108       1.323     3.993    31    3    4     0.06452    0     58      4     46      3    PDB 5pti:A  PDB 2eoz:A
  406      0.1292    0.005087      0.6745     5.018    42    3    3     0.07143    0     58      4     62      4    PDB 5pti:A  PDB 2fuu:A
  407      0.1291      0.7006       2.496     2.962    31    3    3     0.09677    0     58      4     65      3    PDB 5pti:A  PDB 3qf6:A
  408      0.1287     0.03421      0.9599     4.508    30    3    3         0.1    0     58      4     37      3    PDB 5pti:A  PDB 2vy5:A
  409      0.1265    0.005589      0.6312     4.708    36    3    5     0.05556    0     58      4     51      3    PDB 5pti:A  PDB 4q6f:C
  410      0.1263   0.0002865      0.3513     4.280    34    3    6     0.05882    0     58      4     52      3    PDB 5pti:A  PDB 3c6w:C
  411      0.1252   0.0005642      0.4006     5.042    38    3    6     0.07895    0     58      4     52      3    PDB 5pti:A  PDB 6fhu:A
  412      0.1245    0.006014      0.6398     4.577    35    3    6     0.05714    0     58      4     51      3    PDB 5pti:A  PDB 6fhu:B
  413      0.1236      0.0845       1.224     4.334    29    3    2      0.1034    0     58      4     38      3    PDB 5pti:A  PDB 2nd3:A
  414       0.122     0.03055      0.9313     4.389    38    3    4     0.02632    0     58      4     65      3    PDB 5pti:A  PDB 2m85:A
  415      0.1212       1.006        2.91     2.802    31    3    3     0.06452    0     58      4     73      3    PDB 5pti:A  PDB 3rdn:A
  416      0.1205      0.4365       2.467     3.588    30    3    2     0.06667    0     58      4     53      4    PDB 5pti:A  PDB 3dm1:E
  417      0.1198      0.6798       2.919     3.153    32    3    3     0.03125    0     58      4     70      4    PDB 5pti:A  PDB 5mlc:5
  418      0.1195    0.002822      0.5473     4.777    35    3    6     0.02857    0     58      4     50      3    PDB 5pti:A  PDB 6fi0:B
  419      0.1188   0.0002519      0.3445     4.789    36    3    6     0.05556    0     58      4     53      3    PDB 5pti:A  PDB 6fkp:A
  420      0.1183     0.01365      0.7729     4.438    38    3    5     0.02632    0     58      4     66      3    PDB 5pti:A  PDB 2ke1:A
  421      0.1176      0.7837       2.612     2.847    32    3    3      0.0625    0     58      4     79      3    PDB 5pti:A  PDB 1wvo:A
  422      0.1165     0.05318       1.076     3.252    26    3    4     0.07692    0     58      4     46      3    PDB 5pti:A  PDB 5uz5:H
  423      0.1158     0.01451       0.782     5.041    43    3    6     0.06977    0     58      4     72      3    PDB 5pti:A  PDB 1wee:A
  424      0.1156   0.0003096      0.3582     4.369    30    3    3      0.1333    0     58      4     43      3    PDB 5pti:A  PDB 2xbv:L
  425      0.1151    0.004541      0.6056     4.136    22    3    3      0.1818    0     58      4     25      3    PDB 5pti:A  PDB 3vhs:A
  426      0.1145       1.575       3.968     3.125    30    3    3     0.03333    0     58      4     65      4    PDB 5pti:A  PDB 5dm6:3
  427      0.1132    0.002222       0.523     4.438    30    3    2     0.06667    0     58      4     43      3    PDB 5pti:A  PDB 2xby:L
  428      0.1124     0.05308       1.504     4.446    39    3    4     0.07692    0     58      4     73      4    PDB 5pti:A  PDB 1dqc:A
  429      0.1121    0.001793      0.4991     4.396    30    3    3     0.03333    0     58      4     44      3    PDB 5pti:A  PDB 2xc5:L
  430      0.1116     0.00259      0.5392     4.409    30    3    2     0.06667    0     58      4     44      3    PDB 5pti:A  PDB 2xbx:L
  431      0.1106      0.1282       1.805     3.773    35    3    3           0    0     58      4     74      4    PDB 5pti:A  PDB 2khr:A
  432      0.1104    0.002367      0.5311     4.444    30    3    2     0.06667    0     58      4     44      3    PDB 5pti:A  PDB 2xc0:L
  433      0.1096     0.03264      0.9503     4.249    29    3    3      0.1379    0     58      4     44      3    PDB 5pti:A  PDB 2lo3:A
  434      0.1092    0.003159      0.9503     4.345    31    3    3      0.1613    0     58      4     49      4    PDB 5pti:A  PDB 1kjk:A
  435       0.109     0.01177      0.7457     4.340    29    3    2     0.06897    0     58      4     43      3    PDB 5pti:A  PDB 2vwl:L
  436      0.1085     0.01668      0.8095     4.440    32    3    4     0.03125    0     58      4     51      3    PDB 5pti:A  PDB 6fap:B
  437      0.1072       1.233       3.514     3.322    30    3    2     0.03333    0     58      4     65      4    PDB 5pti:A  PDB 4rau:L
  438      0.1063       1.394        3.69     3.053    29    3    2           0    0     58      4     67      4    PDB 5pti:A  PDB 2sdf:A
  439      0.1059     0.08125       1.214     4.309    40    3    4         0.1    0     58      4     85      4    PDB 5pti:A  PDB 6mlc:C
  440      0.1046       1.151        3.42     3.352    30    3    2     0.03333    0     58      4     66      4    PDB 5pti:A  PDB 4rau:X
  441      0.1043   0.0003096      0.3582     5.562    37    3    5           0    0     58      4     51      3    PDB 5pti:A  PDB 3c6w:A
  442      0.1042      0.9982       3.242     3.363    30    3    2     0.03333    0     58      4     66      4    PDB 5pti:A  PDB 4rau:I
  443       0.104       1.046       3.298     3.415    30    3    2     0.03333    0     58      4     65      4    PDB 5pti:A  PDB 4rau:U
  444      0.1034    0.000351      0.3651     5.398    36    3    5     0.02778    0     58      4     51      3    PDB 5pti:A  PDB 2pnx:A
  445      0.1031      0.9361       3.166     2.936    28    3    2           0    0     58      4     67      4    PDB 5pti:A  PDB 1sdf:A
  446      0.1016      0.8834         3.1     2.944    27    3    2           0    0     58      4     63      4    PDB 5pti:A  PDB 3hp3:J
  447      0.1014    0.003268      0.5638     4.192    27    3    2     0.07407    0     58      4     42      3    PDB 5pti:A  PDB 2vwo:L
  448      0.1002      0.8317       3.034     3.322    29    3    2     0.03448    0     58      4     65      4    PDB 5pti:A  PDB 4rau:R
  449      0.1001      0.8305       3.034     3.324    29    3    2     0.03448    0     58      4     65      4    PDB 5pti:A  PDB 4rau:O
  450      0.1001      0.1827       1.635     4.600    33    3    2     0.06061    0     58      4     56      4    PDB 5pti:A  PDB 2ju6:X
  451         0.1      0.8373       3.043     3.327    29    3    2     0.03448    0     58      4     65      4    PDB 5pti:A  PDB 4rau:C
  452     0.09977      0.8237       3.024     3.335    29    3    2     0.03448    0     58      4     65      4    PDB 5pti:A  PDB 4rau:F
  453      0.0992       1.183       3.457     3.333    30    3    2     0.03333    0     58      4     70      4    PDB 5pti:A  PDB 2n55:A
  454     0.09807      0.1575       1.474     4.459    36    3    3      0.1389    0     58      4     71      3    PDB 5pti:A  PDB 1bb8:A
  455     0.09723     0.01012      0.7188     4.378    30    3    2     0.06667    0     58      4     51      3    PDB 5pti:A  PDB 1iqk:L
  456     0.09678     0.03468       1.076     4.761    39    3    4     0.02564    0     58      4     77      4    PDB 5pti:A  PDB 1cdq:A
  457     0.09645      0.4841       2.545     3.180    28    3    1     0.03571    0     58      4     66      4    PDB 5pti:A  PDB 1xx8:A
  458     0.09628      0.3106       2.124     3.467    30    3    2     0.03333    0     58      4     69      4    PDB 5pti:A  PDB 4cfh:B
  459     0.09576     0.01477       0.782     4.427    30    3    3     0.03333    0     58      4     51      3    PDB 5pti:A  PDB 1iqf:L
  460     0.09543   2.448e-05       0.523     5.574    31    3    3     0.09677    0     58      4     39      4    PDB 5pti:A  PDB 1spw:A
  461     0.09536     0.01365      0.7729     3.505    22    3    2     0.04545    0     58      4     37      3    PDB 5pti:A  PDB 2elm:A
  462     0.09503   0.0002022      0.5804     4.567    35    3    6     0.02857    0     58      4     67      4    PDB 5pti:A  PDB 2kyu:A
  463     0.09448      0.4389       2.085     3.954    30    3    4     0.06667    0     58      4     60      4    PDB 5pti:A  PDB 2pk7:B
  464     0.09433      0.3489       2.311     3.318    30    3    2     0.06667    0     58      4     74      4    PDB 5pti:A  PDB 2d9u:A
  465      0.0942      0.5996       2.718     3.439    28    3    2           0    0     58      4     62      4    PDB 5pti:A  PDB 3hp3:B
  466     0.09416   0.0002739      0.6056     4.419    30    3    2     0.06667    0     58      4     52      4    PDB 5pti:A  PDB 2bq6:A
  467     0.09414      0.2605       1.735     4.686    36    3    3     0.02778    0     58      4     69      4    PDB 5pti:A  PDB 5l7a:D
  468     0.09364      0.3595       2.331     3.574    29    3    4     0.03448    0     58      4     64      4    PDB 5pti:A  PDB 3hp3:H
  469     0.09286      0.6129       2.738     3.312    27    3    2     0.07407    0     58      4     61      4    PDB 5pti:A  PDB 5cba:E
  470     0.09261   7.742e-05      0.5972     4.682    33    3    4      0.1515    0     58      4     59      4    PDB 5pti:A  PDB 5exc:F
  471     0.09231      0.0273       1.333     5.058    36    3    2     0.02778    0     58      4     63      4    PDB 5pti:A  PDB 1gcc:A
  472     0.09231    0.001242      0.8372     5.284    36    3    3     0.05556    0     58      4     59      4    PDB 5pti:A  PDB 5exc:E
  473     0.09159      0.2747       1.765     4.826    36    3    3     0.02778    0     58      4     68      4    PDB 5pti:A  PDB 5l7a:C
  474     0.09126    0.003758      0.5804     4.520    30    3    2     0.03333    0     58      4     52      3    PDB 5pti:A  PDB 2gd4:A
  475     0.09123      0.6795       2.833     3.606    29    3    2           0    0     58      4     65      4    PDB 5pti:A  PDB 3hp3:I
  476     0.09118      0.4211       2.438     3.726    33    3    4     0.06061    0     58      4     81      4    PDB 5pti:A  PDB 3c6e:C
  477     0.09118      0.4211       2.438     3.726    33    3    4     0.06061    0     58      4     81      4    PDB 5pti:A  PDB 5u4w:B
  478     0.09039       0.391       2.389     3.752    33    3    4     0.06061    0     58      4     81      4    PDB 5pti:A  PDB 3c5x:C
  479     0.09003      0.0101      0.7188     4.382    30    3    3         0.1    0     58      4     55      3    PDB 5pti:A  PDB 1g2m:B
  480     0.08998    0.006181      0.6484     4.384    30    3    3      0.1333    0     58      4     55      3    PDB 5pti:A  PDB 1fax:L
  481      0.0896      0.4667       2.516     3.098    28    3    3     0.03571    0     58      4     73      4    PDB 5pti:A  PDB 1ap0:A
  482     0.08956     0.03594       1.076     4.426    33    3    5     0.09091    0     58      4     66      4    PDB 5pti:A  PDB 6nmi:G
  483      0.0893    0.001793      0.4991     4.468    30    3    2     0.06667    0     58      4     54      3    PDB 5pti:A  PDB 2gd4:L
  484     0.08874     0.08038       1.635     3.941    32    3    3           0    0     58      4     73      4    PDB 5pti:A  PDB 2jv8:A
  485     0.08853      0.1468       1.745     4.955    35    3    2     0.02857    0     58      4     64      4    PDB 5pti:A  PDB 5l7a:B
  486     0.08788      0.5407       2.632     3.166    25    3    2           0    0     58      4     58      4    PDB 5pti:A  PDB 4lmq:F
  487     0.08757      0.4854       2.545     3.381    28    3    2     0.03571    0     58      4     68      4    PDB 5pti:A  PDB 2k04:A
  488     0.08753      0.6323       2.766     3.595    29    3    2     0.03448    0     58      4     68      4    PDB 5pti:A  PDB 2kee:A
  489     0.08718      0.1755       1.524     4.100    29    3    4     0.03448    0     58      4     58      4    PDB 5pti:A  PDB 5yrz:B
  490     0.08658     0.04998       1.115     4.229    30    3    3     0.03333    0     58      4     60      4    PDB 5pti:A  PDB 1nei:A
  491     0.08653     0.05688       1.095     4.141    27    3    2     0.03704    0     58      4     50      3    PDB 5pti:A  PDB 6fkp:B
  492     0.08636     0.08478       1.534     5.039    35    3    3     0.02857    0     58      4     64      4    PDB 5pti:A  PDB 5l7a:A
  493     0.08589     0.02035       1.263     4.314    32    3    2           0    0     58      4     67      4    PDB 5pti:A  PDB 2yzt:A
  494     0.08573      0.0016      0.7729     5.326    34    3    2     0.05882    0     58      4     56      4    PDB 5pti:A  PDB 2f8b:B
  495     0.08549      0.4841       2.545     3.638    28    3    2           0    0     58      4     64      4    PDB 5pti:A  PDB 3hp3:C
  496     0.08523      0.2063       1.604     4.350    33    3    2     0.09091    0     58      4     71      3    PDB 5pti:A  PDB 2bb8:A
  497     0.08438     0.05166       1.066     4.158    27    3    2     0.03704    0     58      4     51      3    PDB 5pti:A  PDB 4qf2:B
  498     0.08324     0.03013      0.9313     5.391    35    3    2     0.08571    0     58      4     60      3    PDB 5pti:A  PDB 1nei:B
  499     0.08308      0.7899       2.622     2.880    26    3    3           0    0     58      4     73      3    PDB 5pti:A  PDB 1guw:A
  500     0.08302      0.1848       1.846     4.095    33    3    2     0.09091    0     58      4     79      4    PDB 5pti:A  PDB 2jr1:A
  501     0.08292      0.0553       1.086     4.193    25    3    2        0.04    0     58      4     44      3    PDB 5pti:A  PDB 2eox:A
  502     0.08259       0.929       3.157     3.070    31    3    2     0.06452    0     58      4     98      4    PDB 5pti:A  PDB 6ehz:A
  503     0.08254     0.03664       1.403     3.881    32    3    3       0.125    0     58      4     80      4    PDB 5pti:A  PDB 5ejw:A
  504     0.08233     0.04891       1.363     4.309    32    3    4     0.03125    0     58      4     70      4    PDB 5pti:A  PDB 2ecn:A
  505     0.07901     0.03336      0.9599     3.670    31    3    4     0.09677    0     58      4     84      4    PDB 5pti:A  PDB 6mlc:D
  506     0.07694      0.1118       1.333     4.141    33    3    4     0.09091    0     58      4     84      4    PDB 5pti:A  PDB 6mlc:A
  507     0.07689     0.01056      0.7367     4.782    30    3    2     0.06667    0     58      4     57      4    PDB 5pti:A  PDB 5aaq:A
  508     0.07647      0.5183       2.213     3.498    30    3    2     0.06667    0     58      4     86      4    PDB 5pti:A  PDB 2mmv:A
  509      0.0763      0.3849       2.065     4.641    29    3    3      0.1724    0     58      4     56      4    PDB 5pti:A  PDB 5uce:A
  510     0.07583     0.02444      0.9408     4.674    28    3    4     0.03571    0     58      4     52      4    PDB 5pti:A  PDB 3o7a:A
  511     0.07519      0.4782       2.154     3.549    30    3    2     0.06667    0     58      4     86      4    PDB 5pti:A  PDB 2mmv:B
  512     0.07467      0.1644       1.584     3.608    28    3    2     0.03571    0     58      4     74      4    PDB 5pti:A  PDB 2f40:A
  513     0.07442     0.02356       1.184     4.384    31    3    6     0.03226    0     58      4     71      4    PDB 5pti:A  PDB 5emp:B
  514      0.0738      0.1683       1.805     4.794    34    3    2     0.02941    0     58      4     76      4    PDB 5pti:A  PDB 5l7b:A
  515     0.07261      0.2727       2.164     3.484    30    3    2           0    0     58      4     91      4    PDB 5pti:A  PDB 2ooy:D
  516     0.07209      0.1641       1.494     3.768    25    3    2        0.04    0     58      4     58      4    PDB 5pti:A  PDB 5yrz:D
  517      0.0711      0.1272       1.383     3.706    25    3    1           0    0     58      4     60      4    PDB 5pti:A  PDB 1di2:B
  518     0.06818     0.04386       1.027     5.419    31    3    1     0.03226    0     58      4     57      4    PDB 5pti:A  PDB 5k5l:F
  519     0.06753      0.1191       1.454     4.012    31    3    3     0.03226    0     58      4     88      4    PDB 5pti:A  PDB 2dzj:A
  520     0.06747     0.04293       1.333     4.140    29    3    5     0.03448    0     58      4     74      4    PDB 5pti:A  PDB 3g6p:A
  521      0.0674    0.002268      0.8095     4.403    30    3    3     0.06667    0     58      4     73      4    PDB 5pti:A  PDB 6bse:A
  522     0.06525   0.0006154      0.6745     4.464    30    3    3     0.06667    0     58      4     74      4    PDB 5pti:A  PDB 3g6r:B
  523     0.06517    0.003443      0.8652     4.690    27    3    3     0.07407    0     58      4     56      4    PDB 5pti:A  PDB 2f8b:A
  524     0.06507   0.0006385      0.6745     4.778    31    3    3     0.06452    0     58      4     72      4    PDB 5pti:A  PDB 3g8u:B
  525     0.06442    0.005194      0.9218     5.349    36    3    3     0.02778    0     58      4     83      4    PDB 5pti:A  PDB 6ax5:A
  526     0.06388    0.009465      0.7098     5.167    23    3    2     0.04348    0     58      4     36      3    PDB 5pti:A  PDB 2lds:A
  527     0.06331     0.09172       1.353     5.181    39    3    3     0.07692    0     58      4    104      4    PDB 5pti:A  PDB 1wz0:A
  528     0.06317     0.01645      0.8652     5.054    30    3    3     0.03333    0     58      4     64      4    PDB 5pti:A  PDB 1we9:A
  529     0.06284     0.02577       1.204     3.612    25    3    2        0.08    0     58      4     70      4    PDB 5pti:A  PDB 4oor:F
  530     0.06284     0.02577       1.204     3.612    25    3    2        0.08    0     58      4     70      4    PDB 5pti:A  PDB 4ov7:F
  531     0.06268      0.5506       2.331     3.554    30    3    4         0.1    0     58      4    103      4    PDB 5pti:A  PDB 2n1a:A
  532     0.06221     0.01455      0.8934     4.300    39    3    6     0.05128    0     58      4    138      4    PDB 5pti:A  PDB 2wsf:D
  533     0.06179      0.1632       1.584     4.601    29    3    1     0.03448    0     58      4     70      4    PDB 5pti:A  PDB 3zng:C
  534     0.06112     0.07589       1.184     5.102    26    3    4           0    0     58      4     49      3    PDB 5pti:A  PDB 4dx9:w
  535     0.06023      0.1087       1.625     3.513    27    3    4     0.07407    0     58      4     88      4    PDB 5pti:A  PDB 1i94:P
  536     0.05962   0.0002651      0.6921     3.233    21    3    4           0    0     58      4     59      4    PDB 5pti:A  PDB 2yrd:A
  537     0.05884     0.02408       1.303     3.827    23    3    2     0.08696    0     58      4     59      4    PDB 5pti:A  PDB 5exc:H
  538     0.05579    0.009364       1.008     3.807    25    3    2        0.08    0     58      4     74      4    PDB 5pti:A  PDB 5cbx:B
  539     0.05541      0.5529       2.272     4.029    28    3    2     0.03571    0     58      4     87      4    PDB 5pti:A  PDB 6aqr:C
  540     0.05469    0.009605       1.018     4.042    25    3    2        0.08    0     58      4     70      4    PDB 5pti:A  PDB 4oor:B
  541     0.05469    0.009605       1.018     4.042    25    3    2        0.08    0     58      4     70      4    PDB 5pti:A  PDB 4ov7:B
  542     0.05464      0.0504       1.373     3.362    23    3    2     0.08696    0     58      4     74      4    PDB 5pti:A  PDB 5cbz:B
  543     0.05406    0.005323      0.9218     3.947    25    3    2        0.08    0     58      4     73      4    PDB 5pti:A  PDB 5e6d:A
  544     0.05304    0.003542      0.8652     4.006    25    3    2        0.08    0     58      4     73      4    PDB 5pti:A  PDB 5cbz:F
  545     0.05303    0.007215      0.9695     4.094    25    3    2        0.08    0     58      4     71      4    PDB 5pti:A  PDB 1lat:A
  546     0.05182       0.203       1.594     3.940    27    3    2     0.03704    0     58      4     89      4    PDB 5pti:A  PDB 4zux:b
  547     0.05181    0.005323      0.9218     4.080    25    3    2        0.08    0     58      4     73      4    PDB 5pti:A  PDB 4oor:A
  548     0.05181    0.005323      0.9218     4.080    25    3    2        0.08    0     58      4     73      4    PDB 5pti:A  PDB 4ov7:A
  549     0.05175    0.003274      0.9599     4.099    32    3    5      0.0625    0     58      4    119      4    PDB 5pti:A  PDB 3m4o:I
  550     0.05142      0.2143       1.625     4.158    28    3    2     0.03571    0     58      4     90      4    PDB 5pti:A  PDB 4zux:g
  551     0.05141     0.01873      0.8372     4.019    25    3    2        0.16    0     58      4     75      4    PDB 5pti:A  PDB 2d9k:A
  552     0.05026      0.1507       1.454     5.250    30    3    2     0.06667    0     58      4     76      3    PDB 5pti:A  PDB 5nvg:A
  553     0.05023      0.2747       1.765     4.003    27    3    2     0.03704    0     58      4     90      4    PDB 5pti:A  PDB 4zux:W
  554     0.04997      0.1864       1.554     4.284    28    3    2     0.03571    0     58      4     89      4    PDB 5pti:A  PDB 3m99:B
  555     0.04925       0.504       2.193     4.566    30    3    2     0.03333    0     58      4     95      4    PDB 5pti:A  PDB 4n9f:X
  556     0.04923      0.1859       1.645     5.418    34    3    2           0    0     58      4     95      4    PDB 5pti:A  PDB 4n9f:y
  557     0.04912      0.3366       1.896     4.494    29    3    2     0.03448    0     58      4     91      4    PDB 5pti:A  PDB 4n9f:W
  558     0.04852    0.003714      0.5888     4.488    27    3    2      0.1481    0     58      4     80      4    PDB 5pti:A  PDB 1tz1:A
  559     0.04849       0.219       1.635     4.011    27    3    2     0.03704    0     58      4     93      4    PDB 5pti:A  PDB 3mhh:C
  560     0.04715      0.2097       1.615     4.098    27    3    2     0.03704    0     58      4     93      4    PDB 5pti:A  PDB 3mhs:C
  561     0.04621   5.262e-05      0.4912     4.510    31    3    3     0.03226    0     58      4    110      4    PDB 5pti:A  PDB 2f3v:A
  562     0.04519     0.01393      0.7729     4.267    27    3    2      0.1481    0     58      4     92      4    PDB 5pti:A  PDB 4fk5:C
  563     0.04473      0.3897       2.075     4.616    30    3    2     0.03333    0     58      4    103      4    PDB 5pti:A  PDB 6fmi:D
  564     0.04403     0.01538      0.7911     5.058    33    3    3      0.0303    0     58      4    111      4    PDB 5pti:A  PDB 5mq4:D
  565      0.0439     0.01797      0.8187     5.067    33    3    3      0.0303    0     58      4    111      4    PDB 5pti:A  PDB 5mq4:B
  566     0.04378     0.01797      0.8187     5.076    33    3    3      0.0303    0     58      4    111      4    PDB 5pti:A  PDB 5mq4:E
  567     0.04282    0.003853      0.9791     2.958    17    3    2     0.05882    0     58      4     59      4    PDB 5pti:A  PDB 2yrc:A
  568     0.04105     0.01179      0.7457     4.298    26    3    3           0    0     58      4     93      4    PDB 5pti:A  PDB 4zux:l
  569     0.04082     0.01511      0.7911     5.137    33    3    3      0.0303    0     58      4    117      4    PDB 5pti:A  PDB 5mq4:C
  570     0.03255     0.06005       1.115     4.723    27    3    2     0.07407    0     58      4    111      4    PDB 5pti:A  PDB 5mq4:F
